0.5, 9.256000000000000000e+03
1.5, 1.696000000000000000e+03
2.5, 2.061000000000000000e+03
3.5, 2.137000000000000000e+03
4.5, 4.977000000000000000e+03
5.5, 2.557000000000000000e+03
6.5, 8.432100000000000000e+04
7.5, 2.131000000000000000e+03
8.5, 1.699000000000000000e+03
9.5, 1.582000000000000000e+03
10.5, 1.424000000000000000e+03
11.5, 1.308000000000000000e+03
12.5, 1.060000000000000000e+03
13.5, 9.800000000000000000e+02
14.5, 8.410000000000000000e+02
15.5, 7.530000000000000000e+02
16.5, 6.720000000000000000e+02
17.5, 5.040000000000000000e+02
18.5, 4.400000000000000000e+02
19.5, 4.660000000000000000e+02
20.5, 4.450000000000000000e+02
21.5, 5.150000000000000000e+02
22.5, 3.390000000000000000e+02
23.5, 3.380000000000000000e+02
24.5, 4.180000000000000000e+02
25.5, 3.830000000000000000e+02
26.5, 3.700000000000000000e+02
27.5, 3.460000000000000000e+02
28.5, 3.270000000000000000e+02
29.5, 3.770000000000000000e+02
30.5, 3.950000000000000000e+02
31.5, 4.100000000000000000e+02
32.5, 2.900000000000000000e+02
33.5, 2.790000000000000000e+02
34.5, 3.640000000000000000e+02
35.5, 3.370000000000000000e+02
36.5, 3.040000000000000000e+02
37.5, 3.400000000000000000e+02
38.5, 3.520000000000000000e+02
39.5, 3.190000000000000000e+02
40.5, 4.320000000000000000e+02
41.5, 3.480000000000000000e+02
42.5, 3.440000000000000000e+02
43.5, 3.420000000000000000e+02
44.5, 3.580000000000000000e+02
45.5, 3.930000000000000000e+02
46.5, 4.250000000000000000e+02
47.5, 4.140000000000000000e+02
48.5, 4.120000000000000000e+02
49.5, 3.650000000000000000e+02
50.5, 4.650000000000000000e+02
51.5, 4.280000000000000000e+02
52.5, 3.710000000000000000e+02
53.5, 4.930000000000000000e+02
54.5, 4.970000000000000000e+02
55.5, 3.760000000000000000e+02
56.5, 4.110000000000000000e+02
57.5, 3.870000000000000000e+02
58.5, 3.790000000000000000e+02
59.5, 5.070000000000000000e+02
60.5, 4.800000000000000000e+02
61.5, 4.430000000000000000e+02
62.5, 4.320000000000000000e+02
63.5, 5.290000000000000000e+02
64.5, 4.870000000000000000e+02
65.5, 6.080000000000000000e+02
66.5, 6.130000000000000000e+02
67.5, 5.130000000000000000e+02
68.5, 5.510000000000000000e+02
69.5, 6.980000000000000000e+02
70.5, 8.410000000000000000e+02
71.5, 7.640000000000000000e+02
72.5, 8.240000000000000000e+02
73.5, 9.080000000000000000e+02
74.5, 1.112000000000000000e+03
75.5, 1.252000000000000000e+03
76.5, 1.296000000000000000e+03
77.5, 1.469000000000000000e+03
78.5, 1.637000000000000000e+03
79.5, 1.787000000000000000e+03
80.5, 1.883000000000000000e+03
81.5, 2.046000000000000000e+03
82.5, 2.268000000000000000e+03
83.5, 2.110000000000000000e+03
84.5, 2.309000000000000000e+03
85.5, 2.293000000000000000e+03
86.5, 2.422000000000000000e+03
87.5, 2.449000000000000000e+03
88.5, 2.445000000000000000e+03
89.5, 2.522000000000000000e+03
90.5, 2.548000000000000000e+03
91.5, 2.706000000000000000e+03
92.5, 2.920000000000000000e+03
93.5, 3.091000000000000000e+03
94.5, 3.016000000000000000e+03
95.5, 3.040000000000000000e+03
96.5, 3.230000000000000000e+03
97.5, 3.254000000000000000e+03
98.5, 3.308000000000000000e+03
99.5, 3.288000000000000000e+03
100.5, 3.334000000000000000e+03
101.5, 3.265000000000000000e+03
102.5, 3.291000000000000000e+03
103.5, 3.252000000000000000e+03
104.5, 3.724000000000000000e+03
105.5, 3.431000000000000000e+03
106.5, 3.520000000000000000e+03
107.5, 3.354000000000000000e+03
108.5, 3.359000000000000000e+03
109.5, 3.224000000000000000e+03
110.5, 3.355000000000000000e+03
111.5, 3.285000000000000000e+03
112.5, 3.390000000000000000e+03
113.5, 3.320000000000000000e+03
114.5, 3.461000000000000000e+03
115.5, 3.302000000000000000e+03
116.5, 3.342000000000000000e+03
117.5, 3.051000000000000000e+03
118.5, 3.004000000000000000e+03
119.5, 3.072000000000000000e+03
120.5, 2.867000000000000000e+03
121.5, 2.799000000000000000e+03
122.5, 2.792000000000000000e+03
123.5, 2.349000000000000000e+03
124.5, 2.338000000000000000e+03
125.5, 2.324000000000000000e+03
126.5, 2.120000000000000000e+03
127.5, 2.247000000000000000e+03
128.5, 1.864000000000000000e+03
129.5, 1.509000000000000000e+03
130.5, 1.535000000000000000e+03
131.5, 1.319000000000000000e+03
132.5, 1.302000000000000000e+03
133.5, 1.083000000000000000e+03
134.5, 1.059000000000000000e+03
135.5, 9.540000000000000000e+02
136.5, 8.450000000000000000e+02
137.5, 8.980000000000000000e+02
138.5, 7.360000000000000000e+02
139.5, 7.200000000000000000e+02
140.5, 7.060000000000000000e+02
141.5, 7.310000000000000000e+02
142.5, 7.210000000000000000e+02
143.5, 5.900000000000000000e+02
144.5, 5.010000000000000000e+02
145.5, 5.250000000000000000e+02
146.5, 5.220000000000000000e+02
147.5, 5.220000000000000000e+02
148.5, 5.220000000000000000e+02
149.5, 5.380000000000000000e+02
150.5, 4.760000000000000000e+02
151.5, 4.980000000000000000e+02
152.5, 3.790000000000000000e+02
153.5, 3.510000000000000000e+02
154.5, 3.560000000000000000e+02
155.5, 3.360000000000000000e+02
156.5, 4.130000000000000000e+02
157.5, 3.480000000000000000e+02
158.5, 3.450000000000000000e+02
159.5, 4.130000000000000000e+02
160.5, 3.600000000000000000e+02
161.5, 3.730000000000000000e+02
162.5, 3.490000000000000000e+02
163.5, 3.400000000000000000e+02
164.5, 3.060000000000000000e+02
165.5, 2.710000000000000000e+02
166.5, 3.010000000000000000e+02
167.5, 2.310000000000000000e+02
168.5, 3.400000000000000000e+02
169.5, 2.300000000000000000e+02
170.5, 2.370000000000000000e+02
171.5, 2.840000000000000000e+02
172.5, 2.710000000000000000e+02
173.5, 2.840000000000000000e+02
174.5, 2.800000000000000000e+02
175.5, 2.980000000000000000e+02
176.5, 2.570000000000000000e+02
177.5, 2.530000000000000000e+02
178.5, 2.240000000000000000e+02
179.5, 2.210000000000000000e+02
180.5, 2.030000000000000000e+02
181.5, 2.690000000000000000e+02
182.5, 1.960000000000000000e+02
183.5, 1.920000000000000000e+02
184.5, 2.480000000000000000e+02
185.5, 2.380000000000000000e+02
186.5, 2.650000000000000000e+02
187.5, 1.950000000000000000e+02
188.5, 2.350000000000000000e+02
189.5, 2.520000000000000000e+02
190.5, 1.930000000000000000e+02
191.5, 1.620000000000000000e+02
192.5, 2.170000000000000000e+02
193.5, 2.390000000000000000e+02
194.5, 1.900000000000000000e+02
195.5, 2.570000000000000000e+02
196.5, 2.060000000000000000e+02
197.5, 2.260000000000000000e+02
198.5, 2.140000000000000000e+02
199.5, 2.130000000000000000e+02
200.5, 2.130000000000000000e+02
201.5, 2.060000000000000000e+02
202.5, 1.980000000000000000e+02
203.5, 2.150000000000000000e+02
204.5, 2.240000000000000000e+02
205.5, 2.260000000000000000e+02
206.5, 2.940000000000000000e+02
207.5, 2.190000000000000000e+02
208.5, 1.550000000000000000e+02
209.5, 2.150000000000000000e+02
210.5, 1.580000000000000000e+02
211.5, 2.590000000000000000e+02
212.5, 2.100000000000000000e+02
213.5, 1.980000000000000000e+02
214.5, 2.130000000000000000e+02
215.5, 2.370000000000000000e+02
216.5, 2.340000000000000000e+02
217.5, 2.380000000000000000e+02
218.5, 3.320000000000000000e+02
219.5, 1.760000000000000000e+02
220.5, 2.230000000000000000e+02
221.5, 1.600000000000000000e+02
222.5, 2.140000000000000000e+02
223.5, 2.770000000000000000e+02
224.5, 2.470000000000000000e+02
225.5, 2.170000000000000000e+02
226.5, 2.120000000000000000e+02
227.5, 2.830000000000000000e+02
228.5, 2.350000000000000000e+02
229.5, 2.650000000000000000e+02
230.5, 3.220000000000000000e+02
231.5, 2.890000000000000000e+02
232.5, 2.940000000000000000e+02
233.5, 3.660000000000000000e+02
234.5, 3.970000000000000000e+02
235.5, 4.290000000000000000e+02
236.5, 4.230000000000000000e+02
237.5, 4.570000000000000000e+02
238.5, 5.300000000000000000e+02
239.5, 5.910000000000000000e+02
240.5, 7.310000000000000000e+02
241.5, 9.100000000000000000e+02
242.5, 1.215000000000000000e+03
243.5, 1.250000000000000000e+03
244.5, 1.471000000000000000e+03
245.5, 1.526000000000000000e+03
246.5, 1.923000000000000000e+03
247.5, 2.314000000000000000e+03
248.5, 2.385000000000000000e+03
249.5, 3.975000000000000000e+03
250.5, 2.758000000000000000e+03
251.5, 6.817000000000000000e+03
252.5, 2.299000000000000000e+03
253.5, 2.078000000000000000e+03
254.5, 1.826000000000000000e+03
255.5, 9.771000000000000000e+03
